B1=143.34472810294727
B2=161.56902935731287
B3=153.60231680333203
B4=175.24304617877397
b5=158.099128540305

